perplexity: 4.5851
inv_perplexity: 0.2181
cs_tflops: 68.16 (BF16)
epochs: 3
power_samples: 151
watts_rms: 179.02784633556217
parameter_efficiency: 1.2580607768000514e-11
parameter_efficiency_loss: 0.9974838784
parameter_perplexity: 4.16808939197e-09
