perplexity: 4.5472
inv_perplexity: 0.2199
cs_tflops: 68.16 (BF16)
epochs: 3
power_samples: 39
watts_rms: 166.96087196076041
parameter_efficiency: 5.440478025598051e-11
parameter_efficiency_loss: 0.9891190439
parameter_perplexity: 4.13363636194e-09
