perplexity: 4.4713
inv_perplexity: 0.2236
cs_tflops: 68.16 (BF16)
epochs: 3
power_samples: 151
watts_rms: 177.55548357191606
parameter_efficiency: 1.3004817252509072e-11
parameter_efficiency_loss: 0.9973990365
parameter_perplexity: 4.06463939681e-09
