perplexity: 4.5447
inv_perplexity: 0.22
cs_tflops: 68.16 (BF16)
epochs: 3
power_samples: 76
watts_rms: 173.0226986054066
parameter_efficiency: 2.6261295052668557e-11
parameter_efficiency_loss: 0.994747741
parameter_perplexity: 4.13136373463e-09
