perplexity: 4.4043
inv_perplexity: 0.2271
cs_tflops: 68.16 (BF16)
epochs: 3
power_samples: 39
watts_rms: 165.19520610889097
parameter_efficiency: 5.678664740982597e-11
parameter_efficiency_loss: 0.9886426705
parameter_perplexity: 4.00373298489e-09
