perplexity: 4.2807
inv_perplexity: 0.2336
cs_tflops: 68.16 (BF16)
epochs: 3
power_samples: 39
watts_rms: 167.43126613153908
parameter_efficiency: 5.763188338104318e-11
parameter_efficiency_loss: 0.9884736233
parameter_perplexity: 3.89137429068e-09
