perplexity: 4.2518
inv_perplexity: 0.2352
cs_tflops: 68.16 (BF16)
epochs: 3
power_samples: 76
watts_rms: 173.28469470426404
parameter_efficiency: 2.8033263003977193e-11
parameter_efficiency_loss: 0.9943933474
parameter_perplexity: 3.86510271897e-09
