perplexity: 4.4568
inv_perplexity: 0.2244
cs_tflops: 68.16 (BF16)
epochs: 3
power_samples: 151
watts_rms: 177.4312206515173
parameter_efficiency: 1.3060486549788059e-11
parameter_efficiency_loss: 0.9973879027
parameter_perplexity: 4.05145815841e-09
