perplexity: 4.4923
inv_perplexity: 0.2226
cs_tflops: 68.16 (BF16)
epochs: 3
power_samples: 76
watts_rms: 173.16445763785694
parameter_efficiency: 2.6549903241040486e-11
parameter_efficiency_loss: 0.9946900194
parameter_perplexity: 4.08372946621e-09
