perplexity: 4.6291
inv_perplexity: 0.216
cs_tflops: 68.16 (BF16)
epochs: 3
power_samples: 151
watts_rms: 178.30885851116957
parameter_efficiency: 1.2509713841913058e-11
parameter_efficiency_loss: 0.9974980572
parameter_perplexity: 4.20808763263e-09
