perplexity: 4.286
inv_perplexity: 0.2333
cs_tflops: 68.16 (BF16)
epochs: 3
power_samples: 76
watts_rms: 173.52823044494883
parameter_efficiency: 2.7767778756015154e-11
parameter_efficiency_loss: 0.9944464442
parameter_perplexity: 3.89619226058e-09
