perplexity: 4.4718
inv_perplexity: 0.2236
cs_tflops: 68.16 (BF16)
epochs: 3
power_samples: 76
watts_rms: 175.7014423863899
parameter_efficiency: 2.6284094025314725e-11
parameter_efficiency_loss: 0.9947431812
parameter_perplexity: 4.06509392227e-09
