perplexity: 4.6412
inv_perplexity: 0.2155
cs_tflops: 68.16 (BF16)
epochs: 3
power_samples: 151
watts_rms: 176.8528106358168
parameter_efficiency: 1.2583511555193007e-11
parameter_efficiency_loss: 0.9974832977
parameter_perplexity: 4.21908714881e-09
