perplexity: 4.7868
inv_perplexity: 0.2089
cs_tflops: 68.16 (BF16)
epochs: 3
power_samples: 151
watts_rms: 176.98899682713096
parameter_efficiency: 1.2188737281944901e-11
parameter_efficiency_loss: 0.9975622525
parameter_perplexity: 4.35144496335e-09
