perplexity: 4.4599
inv_perplexity: 0.2242
cs_tflops: 68.16 (BF16)
epochs: 3
power_samples: 76
watts_rms: 173.38913665972635
parameter_efficiency: 2.6706087263999873e-11
parameter_efficiency_loss: 0.9946587825
parameter_perplexity: 4.05427621627e-09
