perplexity: 4.3248
inv_perplexity: 0.2312
cs_tflops: 68.16 (BF16)
epochs: 3
power_samples: 76
watts_rms: 174.91439604365272
parameter_efficiency: 2.7299759089223742e-11
parameter_efficiency_loss: 0.9945400482
parameter_perplexity: 3.93146343643e-09
