perplexity: 4.574
inv_perplexity: 0.2186
cs_tflops: 68.16 (BF16)
epochs: 3
power_samples: 151
watts_rms: 177.16184883552438
parameter_efficiency: 1.2742261036359474e-11
parameter_efficiency_loss: 0.9974515478
parameter_perplexity: 4.15799892671e-09
