perplexity: 4.6533
inv_perplexity: 0.2149
cs_tflops: 68.16 (BF16)
epochs: 3
power_samples: 151
watts_rms: 177.32473965862744
parameter_efficiency: 1.2515079956569999e-11
parameter_efficiency_loss: 0.997496984
parameter_perplexity: 4.23008666499e-09
