perplexity: 4.6928
inv_perplexity: 0.2131
cs_tflops: 68.16 (BF16)
epochs: 3
power_samples: 151
watts_rms: 179.00503611062703
parameter_efficiency: 1.2293760385882208e-11
parameter_efficiency_loss: 0.9975412479
parameter_perplexity: 4.26599417649e-09
