perplexity: 4.4606
inv_perplexity: 0.2242
cs_tflops: 68.16 (BF16)
epochs: 3
power_samples: 39
watts_rms: 166.09796074243317
parameter_efficiency: 5.575680030707664e-11
parameter_efficiency_loss: 0.9888486399
parameter_perplexity: 4.05491255192e-09
