perplexity: 4.6557
inv_perplexity: 0.2148
cs_tflops: 68.16 (BF16)
epochs: 3
power_samples: 151
watts_rms: 177.5122912634204
parameter_efficiency: 1.2496039555729822e-11
parameter_efficiency_loss: 0.9975007921
parameter_perplexity: 4.23226838721e-09
