perplexity: 4.4058
inv_perplexity: 0.227
cs_tflops: 68.16 (BF16)
epochs: 3
power_samples: 76
watts_rms: 174.24695399901316
parameter_efficiency: 2.690649959870529e-11
parameter_efficiency_loss: 0.9946187001
parameter_perplexity: 4.00509656128e-09
