perplexity: 4.6122
inv_perplexity: 0.2168
cs_tflops: 68.16 (BF16)
epochs: 3
power_samples: 151
watts_rms: 177.14278750131234
parameter_efficiency: 1.2638698316939846e-11
parameter_efficiency_loss: 0.9974722603
parameter_perplexity: 4.19272467201e-09
