perplexity: 4.172
inv_perplexity: 0.2397
cs_tflops: 68.16 (BF16)
epochs: 3
power_samples: 39
watts_rms: 165.86488667463573
parameter_efficiency: 5.969529641794637e-11
parameter_efficiency_loss: 0.9880609407
parameter_perplexity: 3.79256045523e-09
