perplexity: 4.4638
inv_perplexity: 0.224
cs_tflops: 68.16 (BF16)
epochs: 3
power_samples: 151
watts_rms: 178.06296575406253
parameter_efficiency: 1.2990951451564577e-11
parameter_efficiency_loss: 0.9974018097
parameter_perplexity: 4.05782151488e-09
