perplexity: 4.6054
inv_perplexity: 0.2171
cs_tflops: 68.16 (BF16)
epochs: 3
power_samples: 151
watts_rms: 179.0949707898167
parameter_efficiency: 1.2518231449565561e-11
parameter_efficiency_loss: 0.9974963537
parameter_perplexity: 4.18654312572e-09
