perplexity: 4.9811
inv_perplexity: 0.2008
cs_tflops: 68.16 (BF16)
epochs: 3
power_samples: 151
watts_rms: 177.34311039024723
parameter_efficiency: 1.169273026580136e-11
parameter_efficiency_loss: 0.9976614539
parameter_perplexity: 4.5280735579e-09
