perplexity: 4.103
inv_perplexity: 0.2437
cs_tflops: 68.16 (BF16)
epochs: 3
power_samples: 76
watts_rms: 173.17286258628673
parameter_efficiency: 2.906512752919086e-11
parameter_efficiency_loss: 0.9941869745
parameter_perplexity: 3.72983594147e-09
