perplexity: 4.4447
inv_perplexity: 0.225
cs_tflops: 68.16 (BF16)
epochs: 3
power_samples: 39
watts_rms: 165.7905084178099
parameter_efficiency: 5.605952196188563e-11
parameter_efficiency_loss: 0.9887880956
parameter_perplexity: 4.04045864223e-09
