perplexity: 4.4216
inv_perplexity: 0.2262
cs_tflops: 68.16 (BF16)
epochs: 3
power_samples: 76
watts_rms: 173.58067845923526
parameter_efficiency: 2.6914589398561924e-11
parameter_efficiency_loss: 0.9946170821
parameter_perplexity: 4.01945956588e-09
