perplexity: 4.7153
inv_perplexity: 0.2121
cs_tflops: 68.16 (BF16)
epochs: 3
power_samples: 151
watts_rms: 178.70540109043722
parameter_efficiency: 1.2256586482264864e-11
parameter_efficiency_loss: 0.9975486827
parameter_perplexity: 4.28644782228e-09
