perplexity: 4.6397
inv_perplexity: 0.2155
cs_tflops: 68.16 (BF16)
epochs: 3
power_samples: 151
watts_rms: 177.4020195502948
parameter_efficiency: 1.2544554970938397e-11
parameter_efficiency_loss: 0.997491089
parameter_perplexity: 4.21772357242e-09
