perplexity: 4.3147
inv_perplexity: 0.2318
cs_tflops: 68.16 (BF16)
epochs: 3
power_samples: 39
watts_rms: 165.9625610448456
parameter_efficiency: 5.769389222828507e-11
parameter_efficiency_loss: 0.9884612216
parameter_perplexity: 3.9222820221e-09
