perplexity: 4.8806
inv_perplexity: 0.2049
cs_tflops: 68.16 (BF16)
epochs: 3
power_samples: 151
watts_rms: 176.9218550422457
parameter_efficiency: 1.195988539474536e-11
parameter_efficiency_loss: 0.9976080229
parameter_perplexity: 4.43671394003e-09
