perplexity: 4.2292
inv_perplexity: 0.2364
cs_tflops: 68.16 (BF16)
epochs: 3
power_samples: 39
watts_rms: 166.94931798986795
parameter_efficiency: 5.849104200472105e-11
parameter_efficiency_loss: 0.9883017916
parameter_perplexity: 3.84455816809e-09
