perplexity: 4.4147
inv_perplexity: 0.2265
cs_tflops: 68.16 (BF16)
epochs: 3
power_samples: 76
watts_rms: 173.71597837842577
parameter_efficiency: 2.6929294720154415e-11
parameter_efficiency_loss: 0.9946141411
parameter_perplexity: 4.0131871145e-09
