perplexity: 4.5856
inv_perplexity: 0.2181
cs_tflops: 68.16 (BF16)
epochs: 3
power_samples: 151
watts_rms: 177.23026720870098
parameter_efficiency: 1.2708208083020948e-11
parameter_efficiency_loss: 0.9974583584
parameter_perplexity: 4.16854391743e-09
