perplexity: 4.7516
inv_perplexity: 0.2105
cs_tflops: 68.16 (BF16)
epochs: 3
power_samples: 151
watts_rms: 177.12009339205963
parameter_efficiency: 1.2273002187871916e-11
parameter_efficiency_loss: 0.9975453996
parameter_perplexity: 4.31944637082e-09
