perplexity: 4.6065
inv_perplexity: 0.2171
cs_tflops: 68.16 (BF16)
epochs: 3
power_samples: 151
watts_rms: 177.6255499138157
parameter_efficiency: 1.2621789471660519e-11
parameter_efficiency_loss: 0.9974756421
parameter_perplexity: 4.18754308174e-09
