perplexity: 4.6436
inv_perplexity: 0.2153
cs_tflops: 68.16 (BF16)
epochs: 3
power_samples: 151
watts_rms: 177.6400935542059
parameter_efficiency: 1.2516116030000968e-11
parameter_efficiency_loss: 0.9974967768
parameter_perplexity: 4.22126887102e-09
