perplexity: 4.5542
inv_perplexity: 0.2196
cs_tflops: 68.16 (BF16)
epochs: 3
power_samples: 39
watts_rms: 166.85618598246631
parameter_efficiency: 5.436464530675728e-11
parameter_efficiency_loss: 0.9891270709
parameter_perplexity: 4.13999971841e-09
