perplexity: 4.4
inv_perplexity: 0.2273
cs_tflops: 68.16 (BF16)
epochs: 3
power_samples: 76
watts_rms: 175.55735055040083
parameter_efficiency: 2.6740957722535124e-11
parameter_efficiency_loss: 0.9946518085
parameter_perplexity: 3.99982406592e-09
