perplexity: 5.0639
inv_perplexity: 0.1975
cs_tflops: 68.16 (BF16)
epochs: 3
power_samples: 151
watts_rms: 176.90391157406694
parameter_efficiency: 1.1529121290208595e-11
parameter_efficiency_loss: 0.9976941757
parameter_perplexity: 4.60334297441e-09
